[0.3961748480796814],0.37633398175239563
[0.36809080839157104],0.35734546184539795
[0.3861856460571289],0.3692364990711212
[0.3765994906425476],0.37068822979927063
[0.3749704957008362],0.3759230673313141
[0.36518436670303345],0.36233267188072205
[0.35002976655960083],0.3449401557445526
[0.3642198443412781],0.35507825016975403
[0.369689404964447],0.3611903190612793
[0.34471797943115234],0.34512192010879517
[0.3536660075187683],0.3391404151916504
[0.37899988889694214],0.3713274300098419
[0.3690173029899597],0.3747486174106598
[0.36121541261672974],0.36385437846183777
[0.33892112970352173],0.3484050929546356
[0.3491191267967224],0.34655725955963135
[0.3630545735359192],0.3513653874397278
[0.3738246560096741],0.3555653989315033
[0.35835784673690796],0.35712704062461853
[0.37806761264801025],0.35473787784576416
[0.367867112159729],0.35370728373527527
[0.36019378900527954],0.3559522330760956
[0.3795703649520874],0.370049387216568
[0.3624762296676636],0.3380056619644165
[0.36378413438796997],0.36237236857414246
[0.3620734214782715],0.354001522064209
[0.3771136403083801],0.3685104548931122
[0.3745936155319214],0.34802114963531494
[0.3787159323692322],0.36550310254096985
[0.3754594326019287],0.37143105268478394
[0.3657221794128418],0.3606850802898407
[0.36500537395477295],0.36112621426582336
[0.36200451850891113],0.35739853978157043
[0.3598337769508362],0.3596052825450897
[0.3394795060157776],0.33676204085350037
[0.3445596694946289],0.3413245677947998
[0.3770172595977783],0.3653978109359741
[0.37603604793548584],0.3668728172779083
[0.3795092701911926],0.3658738136291504
[0.3437151312828064],0.32450538873672485
[0.3803245425224304],0.34991326928138733
[0.3714142441749573],0.37079498171806335
[0.3520324230194092],0.33276474475860596
[0.36234205961227417],0.3564457595348358
[0.3597964644432068],0.35422784090042114
[0.3663661479949951],0.35927248001098633
[0.3494418263435364],0.34163862466812134
[0.36901170015335083],0.3661062717437744
[0.34773021936416626],0.3482174277305603
[0.34856581687927246],0.35611528158187866
[0.36369532346725464],0.3674086928367615
[0.355485200881958],0.35505345463752747
[0.3674888014793396],0.35960623621940613
[0.3564731478691101],0.34224531054496765
[0.36170756816864014],0.3486917316913605
