[0.37218502163887024],0.3658738136291504
[0.35676872730255127],0.35507825016975403
[0.36928221583366394],0.35473787784576416
[0.3457714021205902],0.34655725955963135
[0.3587079346179962],0.36112621426582336
[0.35999760031700134],0.3674086928367615
[0.36088836193084717],0.34802114963531494
[0.3554420471191406],0.3564457595348358
[0.36094558238983154],0.35370728373527527
[0.36725500226020813],0.3668728172779083
[0.3722318112850189],0.370049387216568
[0.3341211676597595],0.3484050929546356
[0.35881784558296204],0.35927248001098633
[0.35483503341674805],0.35712704062461853
[0.34202736616134644],0.34512192010879517
[0.3416622579097748],0.3482174277305603
[0.3591633141040802],0.3611903190612793
[0.33881038427352905],0.32450538873672485
[0.3446270823478699],0.35611528158187866
[0.378152459859848],0.3692364990711212
[0.3496612310409546],0.34224531054496765
[0.34671247005462646],0.3391404151916504
[0.345794677734375],0.3449401557445526
[0.3416464626789093],0.33276474475860596
[0.37040045857429504],0.3759230673313141
[0.3628489077091217],0.3747486174106598
[0.3611336946487427],0.35960623621940613
[0.3664200007915497],0.37079498171806335
[0.35263481736183167],0.35505345463752747
[0.3552281856536865],0.3596052825450897
[0.3550316095352173],0.3559522330760956
[0.33212965726852417],0.33676204085350037
[0.3697987198829651],0.3653978109359741
[0.35438668727874756],0.35739853978157043
[0.3557358384132385],0.36385437846183777
[0.35987257957458496],0.36233267188072205
[0.387390673160553],0.37633398175239563
[0.36994510889053345],0.3685104548931122
[0.3588564395904541],0.36237236857414246
[0.3626950681209564],0.3555653989315033
[0.37123608589172363],0.3713274300098419
[0.3559570908546448],0.3486917316913605
[0.33546045422554016],0.3413245677947998
[0.36713728308677673],0.37143105268478394
[0.3651611804962158],0.3661062717437744
[0.36245331168174744],0.35734546184539795
[0.37143006920814514],0.34991326928138733
[0.354731023311615],0.35422784090042114
[0.35965219140052795],0.3606850802898407
[0.36976221203804016],0.36550310254096985
[0.34679657220840454],0.34163862466812134
[0.3510328233242035],0.3380056619644165
[0.3554657995700836],0.354001522064209
[0.3582184910774231],0.3513653874397278
[0.3706759512424469],0.37068822979927063
